2  10
40	46	49	99	63	1	27	80	41	16	
14	9	17	67	91	65	66	71	62	19	
243	347	128	196	212	304	147	241	472	313	
0	61	43	47	54	37	21	58	60	33	27	
61	0	30	35	10	26	42	58	14	45	54	
43	30	0	7	20	29	21	30	21	15	25	
47	35	7	0	25	37	27	23	24	16	26	
54	10	20	25	0	24	34	48	8	35	44	
37	26	29	37	24	0	24	59	32	35	40	
21	42	21	27	34	24	0	42	39	15	16	
58	58	30	23	48	59	42	0	45	26	31	
60	14	21	24	8	32	39	45	0	36	46	
33	45	15	16	35	35	15	26	36	0	10	
27	54	25	26	44	40	16	31	46	10	0	

