2  10
40	80	40	52	100	77	8	98	40	53	
15	9	82	66	56	59	2	58	51	76	
380	372	166	454	261	450	462	239	197	203	
0	52	34	43	49	75	24	79	90	61	32	
52	0	38	9	40	37	28	27	40	26	34	
34	38	0	29	15	44	24	63	64	60	44	
43	9	29	0	33	39	19	36	47	32	30	
49	40	15	33	0	32	37	61	57	66	56	
75	37	44	39	32	0	55	41	27	62	69	
24	28	24	19	37	55	0	55	66	41	19	
79	27	63	36	61	41	55	0	25	32	56	
90	40	64	47	57	27	66	25	0	56	74	
61	26	60	32	66	62	41	32	56	0	31	
32	34	44	30	56	69	19	56	74	31	0	

