2  10
40	14	31	5	37	53	89	16	39	91	
16	9	47	65	20	53	38	46	40	32	
66	397	203	261	310	146	326	236	373	92	
0	45	61	45	74	62	28	65	74	77	76	
45	0	25	25	30	22	23	28	41	32	35	
61	25	0	18	39	39	33	3	16	37	16	
45	25	18	0	50	46	18	21	29	50	34	
74	30	39	50	0	13	53	39	50	6	35	
62	22	39	46	13	0	45	40	53	18	41	
28	23	33	18	53	45	0	36	46	55	49	
65	28	3	21	39	40	36	0	13	36	13	
74	41	16	29	50	53	46	13	0	46	16	
77	32	37	50	6	18	55	36	46	0	31	
76	35	16	34	35	41	49	13	16	31	0	

