2  10
40	47	86	78	69	65	98	7	90	72	
16	9	15	15	88	6	20	2	46	4	
223	159	410	358	60	298	169	463	60	373	
0	48	73	23	29	68	54	72	56	64	25	
48	0	33	34	19	28	19	27	16	17	25	
73	33	0	51	46	52	18	43	18	36	48	
23	34	51	0	17	60	33	61	36	51	10	
29	19	46	17	0	43	28	45	29	36	7	
68	28	52	60	43	0	45	11	41	16	50	
54	19	18	33	28	45	0	40	5	30	29	
72	27	43	61	45	11	40	0	35	10	51	
56	16	18	36	29	41	5	35	0	26	31	
64	17	36	51	36	16	30	10	26	0	42	
25	25	48	10	7	50	29	51	31	42	0	

