2  10
40	13	95	25	32	89	17	89	90	34	
15	9	50	16	23	12	84	15	57	48	
86	134	372	100	462	152	304	465	335	483	
0	56	85	71	60	78	54	87	24	58	70	
56	0	39	15	29	22	37	31	33	54	18	
85	39	0	36	65	36	37	27	60	50	21	
71	15	36	0	31	6	48	17	49	65	17	
60	29	65	31	0	34	64	48	46	80	44	
78	22	36	6	34	0	53	13	55	70	19	
54	37	37	48	64	53	0	54	33	17	35	
87	31	27	17	48	13	54	0	63	70	19	
24	33	60	49	46	55	33	63	0	42	46	
58	54	50	65	80	70	17	70	42	0	51	
70	18	21	17	44	19	35	19	46	51	0	

