2  10
40	49	22	58	75	29	70	33	38	28	
17	8	12	64	85	47	74	33	29	89	
203	422	241	68	359	293	191	233	98	433	
0	42	43	53	66	50	32	52	60	51	30	
42	0	21	53	57	7	33	38	20	9	24	
43	21	0	32	36	23	18	17	38	21	13	
53	53	32	0	15	56	23	17	71	54	31	
66	57	36	15	0	58	34	18	73	56	40	
50	7	23	56	58	0	38	40	15	3	29	
32	33	18	23	34	38	0	19	53	37	9	
52	38	17	17	18	40	19	0	55	38	23	
60	20	38	71	73	15	53	55	0	17	44	
51	9	21	54	56	3	37	38	17	0	29	
30	24	13	31	40	29	9	23	44	29	0	

