2 6
43	60	3	13	58	56	
35	12	85	78	50	67	
289	282	131	57	95	176	
0	1	25	36	83	62	43	
1	0	48	37	80	8	40	
25	48	0	85	5	8	62	
36	37	85	0	93	32	35	
83	80	5	93	0	77	1	
62	8	8	32	77	0	21	
43	40	62	35	1	21	0	
